* Course X grades
* Columns:
* id grade

0052  77.5
0072  37.5
0144  62.5
0162  72.5
0173  100.0
0190  55.0
0196  95.0
0225  82.5
0268  97.5
0306  57.5
0403  70.0
0417  62.5
0455  40.0
0480  95.0
0481  25.0
0491  25.0
0544  50.0
0583  62.5
0587  80.0
0645  70.0
0673  92.5
0689  85.0
0794  92.5
0941  57.5
0988  47.5
1078  62.5
1242  45.0
1311  77.5
1376  85.0
1377  85.0
1388  67.5
1389  55.0
2008: 42.0
2009: 56.5
2010: 60.5
2011: 63.0
2012: 73.0
2013: 75.0
2014: 78.0
2015: 18.0
2016: 38.0
2017: 35.0
2018: 5.0
